(kicad_pcb (version 20171130) (host pcbnew "(5.1.2)-2")

  (general
    (thickness 1.6)
    (drawings 6)
    (tracks 133)
    (zones 0)
    (modules 22)
    (nets 47)
  )

  (page A4)
  (layers
    (0 F.Cu signal)
    (31 B.Cu signal)
    (32 B.Adhes user)
    (33 F.Adhes user)
    (34 B.Paste user)
    (35 F.Paste user)
    (36 B.SilkS user)
    (37 F.SilkS user)
    (38 B.Mask user)
    (39 F.Mask user)
    (40 Dwgs.User user)
    (41 Cmts.User user)
    (42 Eco1.User user)
    (43 Eco2.User user)
    (44 Edge.Cuts user)
    (45 Margin user)
    (46 B.CrtYd user)
    (47 F.CrtYd user)
    (48 B.Fab user)
    (49 F.Fab user hide)
  )

  (setup
    (last_trace_width 0.5)
    (user_trace_width 0.5)
    (user_trace_width 1)
    (trace_clearance 0.2)
    (zone_clearance 0.508)
    (zone_45_only no)
    (trace_min 0.2)
    (via_size 0.8)
    (via_drill 0.4)
    (via_min_size 0.4)
    (via_min_drill 0.3)
    (user_via 1.6 0.8)
    (uvia_size 0.3)
    (uvia_drill 0.1)
    (uvias_allowed no)
    (uvia_min_size 0.2)
    (uvia_min_drill 0.1)
    (edge_width 0.05)
    (segment_width 0.2)
    (pcb_text_width 0.3)
    (pcb_text_size 1.5 1.5)
    (mod_edge_width 0.12)
    (mod_text_size 1 1)
    (mod_text_width 0.15)
    (pad_size 1.524 1.524)
    (pad_drill 0.762)
    (pad_to_mask_clearance 0.051)
    (solder_mask_min_width 0.25)
    (aux_axis_origin 0 0)
    (visible_elements 7FFFFFFF)
    (pcbplotparams
      (layerselection 0x010fc_ffffffff)
      (usegerberextensions false)
      (usegerberattributes false)
      (usegerberadvancedattributes false)
      (creategerberjobfile false)
      (excludeedgelayer true)
      (linewidth 0.100000)
      (plotframeref false)
      (viasonmask false)
      (mode 1)
      (useauxorigin false)
      (hpglpennumber 1)
      (hpglpenspeed 20)
      (hpglpendiameter 15.000000)
      (psnegative false)
      (psa4output false)
      (plotreference true)
      (plotvalue true)
      (plotinvisibletext false)
      (padsonsilk false)
      (subtractmaskfromsilk false)
      (outputformat 1)
      (mirror false)
      (drillshape 1)
      (scaleselection 1)
      (outputdirectory ""))
  )

  (net 0 "")
  (net 1 GND)
  (net 2 "Net-(D1-Pad2)")
  (net 3 Vcc)
  (net 4 "Net-(Q1-Pad1)")
  (net 5 "Net-(Q2-Pad1)")
  (net 6 "Net-(XA1-PadRST2)")
  (net 7 "Net-(XA1-PadGND4)")
  (net 8 "Net-(XA1-PadMOSI)")
  (net 9 "Net-(XA1-PadSCK)")
  (net 10 "Net-(XA1-Pad5V2)")
  (net 11 "Net-(XA1-PadVIN)")
  (net 12 "Net-(XA1-PadGND2)")
  (net 13 "Net-(XA1-Pad5V1)")
  (net 14 "Net-(XA1-PadRST1)")
  (net 15 "Net-(XA1-PadIORF)")
  (net 16 "Net-(XA1-PadD0)")
  (net 17 "Net-(XA1-PadD1)")
  (net 18 "Net-(XA1-PadD2)")
  (net 19 "Net-(XA1-PadD4)")
  (net 20 "Net-(XA1-PadD6)")
  (net 21 "Net-(XA1-PadD7)")
  (net 22 "Net-(XA1-PadGND1)")
  (net 23 "Net-(XA1-PadD8)")
  (net 24 "Net-(XA1-PadD10)")
  (net 25 "Net-(XA1-PadSCL)")
  (net 26 "Net-(XA1-PadSDA)")
  (net 27 "Net-(XA1-PadD12)")
  (net 28 "Net-(XA1-PadD11)")
  (net 29 "Net-(XA1-PadA1)")
  (net 30 "Net-(XA1-PadA3)")
  (net 31 "Net-(XA1-PadMISO)")
  (net 32 "Net-(XA1-PadD13)")
  (net 33 "Net-(R4-Pad2)")
  (net 34 "Net-(XA1-PadAREF)")
  (net 35 "Net-(C1-Pad1)")
  (net 36 "Net-(D2-Pad2)")
  (net 37 "Net-(D3-Pad2)")
  (net 38 "Net-(D4-Pad2)")
  (net 39 "Net-(R1-Pad2)")
  (net 40 "Net-(R2-Pad2)")
  (net 41 "Net-(XA1-PadA4)")
  (net 42 "Net-(XA1-PadA5)")
  (net 43 "Net-(C7-Pad2)")
  (net 44 "Net-(C8-Pad1)")
  (net 45 "Net-(R7-Pad2)")
  (net 46 "Net-(R8-Pad1)")

  (net_class Default "This is the default net class."
    (clearance 0.2)
    (trace_width 0.25)
    (via_dia 0.8)
    (via_drill 0.4)
    (uvia_dia 0.3)
    (uvia_drill 0.1)
    (add_net GND)
    (add_net "Net-(C1-Pad1)")
    (add_net "Net-(C7-Pad2)")
    (add_net "Net-(C8-Pad1)")
    (add_net "Net-(D1-Pad2)")
    (add_net "Net-(D2-Pad2)")
    (add_net "Net-(D3-Pad2)")
    (add_net "Net-(D4-Pad2)")
    (add_net "Net-(Q1-Pad1)")
    (add_net "Net-(Q2-Pad1)")
    (add_net "Net-(R1-Pad2)")
    (add_net "Net-(R2-Pad2)")
    (add_net "Net-(R4-Pad2)")
    (add_net "Net-(R7-Pad2)")
    (add_net "Net-(R8-Pad1)")
    (add_net "Net-(XA1-Pad5V1)")
    (add_net "Net-(XA1-Pad5V2)")
    (add_net "Net-(XA1-PadA1)")
    (add_net "Net-(XA1-PadA3)")
    (add_net "Net-(XA1-PadA4)")
    (add_net "Net-(XA1-PadA5)")
    (add_net "Net-(XA1-PadAREF)")
    (add_net "Net-(XA1-PadD0)")
    (add_net "Net-(XA1-PadD1)")
    (add_net "Net-(XA1-PadD10)")
    (add_net "Net-(XA1-PadD11)")
    (add_net "Net-(XA1-PadD12)")
    (add_net "Net-(XA1-PadD13)")
    (add_net "Net-(XA1-PadD2)")
    (add_net "Net-(XA1-PadD4)")
    (add_net "Net-(XA1-PadD6)")
    (add_net "Net-(XA1-PadD7)")
    (add_net "Net-(XA1-PadD8)")
    (add_net "Net-(XA1-PadGND1)")
    (add_net "Net-(XA1-PadGND2)")
    (add_net "Net-(XA1-PadGND4)")
    (add_net "Net-(XA1-PadIORF)")
    (add_net "Net-(XA1-PadMISO)")
    (add_net "Net-(XA1-PadMOSI)")
    (add_net "Net-(XA1-PadRST1)")
    (add_net "Net-(XA1-PadRST2)")
    (add_net "Net-(XA1-PadSCK)")
    (add_net "Net-(XA1-PadSCL)")
    (add_net "Net-(XA1-PadSDA)")
    (add_net "Net-(XA1-PadVIN)")
    (add_net Vcc)
  )

  (module arduino:Arduino_Uno_Shield (layer F.Cu) (tedit 5A8605EC) (tstamp 5F28A57E)
    (at 153.67 60.96)
    (descr https://store.arduino.cc/arduino-uno-rev3)
    (path /5F3026FD)
    (fp_text reference XA1 (at 1.778 -47.752) (layer F.SilkS)
      (effects (font (size 1 1) (thickness 0.15)))
    )
    (fp_text value Arduino_Uno_Shield (at 15.494 -54.356) (layer F.Fab)
      (effects (font (size 1 1) (thickness 0.15)))
    )
    (fp_line (start 9.525 -32.385) (end -6.35 -32.385) (layer B.CrtYd) (width 0.15))
    (fp_line (start 9.525 -43.815) (end -6.35 -43.815) (layer B.CrtYd) (width 0.15))
    (fp_line (start 9.525 -43.815) (end 9.525 -32.385) (layer B.CrtYd) (width 0.15))
    (fp_line (start -6.35 -43.815) (end -6.35 -32.385) (layer B.CrtYd) (width 0.15))
    (fp_line (start 11.43 -12.065) (end 11.43 -3.175) (layer B.CrtYd) (width 0.15))
    (fp_line (start -1.905 -3.175) (end 11.43 -3.175) (layer B.CrtYd) (width 0.15))
    (fp_line (start -1.905 -12.065) (end -1.905 -3.175) (layer B.CrtYd) (width 0.15))
    (fp_line (start -1.905 -12.065) (end 11.43 -12.065) (layer B.CrtYd) (width 0.15))
    (fp_line (start 0 -53.34) (end 0 0) (layer F.SilkS) (width 0.15))
    (fp_line (start 66.04 -40.64) (end 66.04 -51.816) (layer F.SilkS) (width 0.15))
    (fp_line (start 68.58 -38.1) (end 66.04 -40.64) (layer F.SilkS) (width 0.15))
    (fp_line (start 68.58 -3.81) (end 68.58 -38.1) (layer F.SilkS) (width 0.15))
    (fp_line (start 66.04 -1.27) (end 68.58 -3.81) (layer F.SilkS) (width 0.15))
    (fp_line (start 66.04 0) (end 66.04 -1.27) (layer F.SilkS) (width 0.15))
    (fp_line (start 64.516 -53.34) (end 66.04 -51.816) (layer F.SilkS) (width 0.15))
    (fp_line (start 0 0) (end 66.04 0) (layer F.SilkS) (width 0.15))
    (fp_line (start 0 -53.34) (end 64.516 -53.34) (layer F.SilkS) (width 0.15))
    (pad RST2 thru_hole oval (at 63.627 -25.4) (size 1.7272 1.7272) (drill 1.016) (layers *.Cu *.Mask)
      (net 6 "Net-(XA1-PadRST2)"))
    (pad GND4 thru_hole oval (at 66.167 -25.4) (size 1.7272 1.7272) (drill 1.016) (layers *.Cu *.Mask)
      (net 7 "Net-(XA1-PadGND4)"))
    (pad MOSI thru_hole oval (at 66.167 -27.94) (size 1.7272 1.7272) (drill 1.016) (layers *.Cu *.Mask)
      (net 8 "Net-(XA1-PadMOSI)"))
    (pad SCK thru_hole oval (at 63.627 -27.94) (size 1.7272 1.7272) (drill 1.016) (layers *.Cu *.Mask)
      (net 9 "Net-(XA1-PadSCK)"))
    (pad 5V2 thru_hole oval (at 66.167 -30.48) (size 1.7272 1.7272) (drill 1.016) (layers *.Cu *.Mask)
      (net 10 "Net-(XA1-Pad5V2)"))
    (pad A0 thru_hole oval (at 50.8 -2.54) (size 1.7272 1.7272) (drill 1.016) (layers *.Cu *.Mask)
      (net 43 "Net-(C7-Pad2)"))
    (pad VIN thru_hole oval (at 45.72 -2.54) (size 1.7272 1.7272) (drill 1.016) (layers *.Cu *.Mask)
      (net 11 "Net-(XA1-PadVIN)"))
    (pad GND3 thru_hole oval (at 43.18 -2.54) (size 1.7272 1.7272) (drill 1.016) (layers *.Cu *.Mask)
      (net 1 GND))
    (pad GND2 thru_hole oval (at 40.64 -2.54) (size 1.7272 1.7272) (drill 1.016) (layers *.Cu *.Mask)
      (net 12 "Net-(XA1-PadGND2)"))
    (pad 5V1 thru_hole oval (at 38.1 -2.54) (size 1.7272 1.7272) (drill 1.016) (layers *.Cu *.Mask)
      (net 13 "Net-(XA1-Pad5V1)"))
    (pad 3V3 thru_hole oval (at 35.56 -2.54) (size 1.7272 1.7272) (drill 1.016) (layers *.Cu *.Mask)
      (net 35 "Net-(C1-Pad1)"))
    (pad RST1 thru_hole oval (at 33.02 -2.54) (size 1.7272 1.7272) (drill 1.016) (layers *.Cu *.Mask)
      (net 14 "Net-(XA1-PadRST1)"))
    (pad IORF thru_hole oval (at 30.48 -2.54) (size 1.7272 1.7272) (drill 1.016) (layers *.Cu *.Mask)
      (net 15 "Net-(XA1-PadIORF)"))
    (pad D0 thru_hole oval (at 63.5 -50.8) (size 1.7272 1.7272) (drill 1.016) (layers *.Cu *.Mask)
      (net 16 "Net-(XA1-PadD0)"))
    (pad D1 thru_hole oval (at 60.96 -50.8) (size 1.7272 1.7272) (drill 1.016) (layers *.Cu *.Mask)
      (net 17 "Net-(XA1-PadD1)"))
    (pad D2 thru_hole oval (at 58.42 -50.8) (size 1.7272 1.7272) (drill 1.016) (layers *.Cu *.Mask)
      (net 18 "Net-(XA1-PadD2)"))
    (pad D3 thru_hole oval (at 55.88 -50.8) (size 1.7272 1.7272) (drill 1.016) (layers *.Cu *.Mask)
      (net 39 "Net-(R1-Pad2)"))
    (pad D4 thru_hole oval (at 53.34 -50.8) (size 1.7272 1.7272) (drill 1.016) (layers *.Cu *.Mask)
      (net 19 "Net-(XA1-PadD4)"))
    (pad D5 thru_hole oval (at 50.8 -50.8) (size 1.7272 1.7272) (drill 1.016) (layers *.Cu *.Mask)
      (net 40 "Net-(R2-Pad2)"))
    (pad D6 thru_hole oval (at 48.26 -50.8) (size 1.7272 1.7272) (drill 1.016) (layers *.Cu *.Mask)
      (net 20 "Net-(XA1-PadD6)"))
    (pad D7 thru_hole oval (at 45.72 -50.8) (size 1.7272 1.7272) (drill 1.016) (layers *.Cu *.Mask)
      (net 21 "Net-(XA1-PadD7)"))
    (pad GND1 thru_hole oval (at 26.416 -50.8) (size 1.7272 1.7272) (drill 1.016) (layers *.Cu *.Mask)
      (net 22 "Net-(XA1-PadGND1)"))
    (pad D8 thru_hole oval (at 41.656 -50.8) (size 1.7272 1.7272) (drill 1.016) (layers *.Cu *.Mask)
      (net 23 "Net-(XA1-PadD8)"))
    (pad D9 thru_hole oval (at 39.116 -50.8) (size 1.7272 1.7272) (drill 1.016) (layers *.Cu *.Mask)
      (net 33 "Net-(R4-Pad2)"))
    (pad D10 thru_hole oval (at 36.576 -50.8) (size 1.7272 1.7272) (drill 1.016) (layers *.Cu *.Mask)
      (net 24 "Net-(XA1-PadD10)"))
    (pad "" np_thru_hole circle (at 66.04 -7.62) (size 3.2 3.2) (drill 3.2) (layers *.Cu *.Mask))
    (pad "" np_thru_hole circle (at 66.04 -35.56) (size 3.2 3.2) (drill 3.2) (layers *.Cu *.Mask))
    (pad "" np_thru_hole circle (at 15.24 -50.8) (size 3.2 3.2) (drill 3.2) (layers *.Cu *.Mask))
    (pad "" np_thru_hole circle (at 13.97 -2.54) (size 3.2 3.2) (drill 3.2) (layers *.Cu *.Mask))
    (pad SCL thru_hole oval (at 18.796 -50.8) (size 1.7272 1.7272) (drill 1.016) (layers *.Cu *.Mask)
      (net 25 "Net-(XA1-PadSCL)"))
    (pad SDA thru_hole oval (at 21.336 -50.8) (size 1.7272 1.7272) (drill 1.016) (layers *.Cu *.Mask)
      (net 26 "Net-(XA1-PadSDA)"))
    (pad AREF thru_hole oval (at 23.876 -50.8) (size 1.7272 1.7272) (drill 1.016) (layers *.Cu *.Mask)
      (net 34 "Net-(XA1-PadAREF)"))
    (pad D13 thru_hole oval (at 28.956 -50.8) (size 1.7272 1.7272) (drill 1.016) (layers *.Cu *.Mask)
      (net 32 "Net-(XA1-PadD13)"))
    (pad D12 thru_hole oval (at 31.496 -50.8) (size 1.7272 1.7272) (drill 1.016) (layers *.Cu *.Mask)
      (net 27 "Net-(XA1-PadD12)"))
    (pad D11 thru_hole oval (at 34.036 -50.8) (size 1.7272 1.7272) (drill 1.016) (layers *.Cu *.Mask)
      (net 28 "Net-(XA1-PadD11)"))
    (pad "" thru_hole oval (at 27.94 -2.54) (size 1.7272 1.7272) (drill 1.016) (layers *.Cu *.Mask))
    (pad A1 thru_hole oval (at 53.34 -2.54) (size 1.7272 1.7272) (drill 1.016) (layers *.Cu *.Mask)
      (net 29 "Net-(XA1-PadA1)"))
    (pad A2 thru_hole oval (at 55.88 -2.54) (size 1.7272 1.7272) (drill 1.016) (layers *.Cu *.Mask)
      (net 44 "Net-(C8-Pad1)"))
    (pad A3 thru_hole oval (at 58.42 -2.54) (size 1.7272 1.7272) (drill 1.016) (layers *.Cu *.Mask)
      (net 30 "Net-(XA1-PadA3)"))
    (pad A4 thru_hole oval (at 60.96 -2.54) (size 1.7272 1.7272) (drill 1.016) (layers *.Cu *.Mask)
      (net 41 "Net-(XA1-PadA4)"))
    (pad A5 thru_hole oval (at 63.5 -2.54) (size 1.7272 1.7272) (drill 1.016) (layers *.Cu *.Mask)
      (net 42 "Net-(XA1-PadA5)"))
    (pad MISO thru_hole oval (at 63.627 -30.48) (size 1.7272 1.7272) (drill 1.016) (layers *.Cu *.Mask)
      (net 31 "Net-(XA1-PadMISO)"))
  )

  (module Connector_BarrelJack:BarrelJack_CUI_PJ-063AH_Horizontal_CircularHoles (layer F.Cu) (tedit 5B0886B5) (tstamp 5F28A17F)
    (at 166.37 41.91 270)
    (descr "Barrel Jack, 2.0mm ID, 5.5mm OD, 24V, 8A, no switch, https://www.cui.com/product/resource/pj-063ah.pdf")
    (tags "barrel jack cui dc power")
    (path /5F27CC0B)
    (fp_text reference J5 (at -7.874 1.524 180) (layer F.SilkS)
      (effects (font (size 1 1) (thickness 0.15)))
    )
    (fp_text value Barrel_Jack_Switch (at 0 13 90) (layer F.Fab)
      (effects (font (size 1 1) (thickness 0.15)))
    )
    (fp_line (start -5 -1) (end -1 -1) (layer F.Fab) (width 0.1))
    (fp_line (start -1 -1) (end 0 0) (layer F.Fab) (width 0.1))
    (fp_line (start 0 0) (end 1 -1) (layer F.Fab) (width 0.1))
    (fp_line (start 1 -1) (end 5 -1) (layer F.Fab) (width 0.1))
    (fp_line (start 5 -1) (end 5 12) (layer F.Fab) (width 0.1))
    (fp_line (start 5 12) (end -5 12) (layer F.Fab) (width 0.1))
    (fp_line (start -5 12) (end -5 -1) (layer F.Fab) (width 0.1))
    (fp_line (start -5.11 4.95) (end -5.11 -1.11) (layer F.SilkS) (width 0.12))
    (fp_line (start -5.11 -1.11) (end -2.3 -1.11) (layer F.SilkS) (width 0.12))
    (fp_line (start 2.3 -1.11) (end 5.11 -1.11) (layer F.SilkS) (width 0.12))
    (fp_line (start 5.11 -1.11) (end 5.11 4.95) (layer F.SilkS) (width 0.12))
    (fp_line (start 5.11 9.05) (end 5.11 12.11) (layer F.SilkS) (width 0.12))
    (fp_line (start 5.11 12.11) (end -5.11 12.11) (layer F.SilkS) (width 0.12))
    (fp_line (start -5.11 12.11) (end -5.11 9.05) (layer F.SilkS) (width 0.12))
    (fp_line (start -1 -2.3) (end 1 -2.3) (layer F.SilkS) (width 0.12))
    (fp_line (start -6.75 -2.5) (end -6.75 12.5) (layer F.CrtYd) (width 0.05))
    (fp_line (start -6.75 12.5) (end 6.75 12.5) (layer F.CrtYd) (width 0.05))
    (fp_line (start 6.75 12.5) (end 6.75 -2.5) (layer F.CrtYd) (width 0.05))
    (fp_line (start 6.75 -2.5) (end -6.75 -2.5) (layer F.CrtYd) (width 0.05))
    (fp_text user %R (at 0 5.5 90) (layer F.Fab)
      (effects (font (size 1 1) (thickness 0.15)))
    )
    (pad 1 thru_hole rect (at 0 0 270) (size 4 4) (drill 3) (layers *.Cu *.Mask)
      (net 3 Vcc))
    (pad 2 thru_hole circle (at 0 6 270) (size 3.3 3.3) (drill 2.3) (layers *.Cu *.Mask)
      (net 1 GND))
    (pad MP thru_hole circle (at -4.5 7 270) (size 3.5 3.5) (drill 2.5) (layers *.Cu *.Mask))
    (pad MP thru_hole circle (at 4.5 7 270) (size 3.5 3.5) (drill 2.5) (layers *.Cu *.Mask))
    (pad "" np_thru_hole circle (at 0 9 270) (size 1.6 1.6) (drill 1.6) (layers *.Cu *.Mask))
    (model ${KISYS3DMOD}/Connector_BarrelJack.3dshapes/BarrelJack_CUI_PJ-063AH_Horizontal_CircularHoles.wrl
      (at (xyz 0 0 0))
      (scale (xyz 1 1 1))
      (rotate (xyz 0 0 0))
    )
  )

  (module Package_TO_SOT_THT:TO-220-3_Vertical (layer F.Cu) (tedit 5AC8BA0D) (tstamp 5F28A199)
    (at 201.295 32.385 180)
    (descr "TO-220-3, Vertical, RM 2.54mm, see https://www.vishay.com/docs/66542/to-220-1.pdf")
    (tags "TO-220-3 Vertical RM 2.54mm")
    (path /5F2745EE)
    (fp_text reference Q2 (at 9.144 -1.143) (layer F.SilkS)
      (effects (font (size 1 1) (thickness 0.15)))
    )
    (fp_text value TIP41C (at 5.334 2.413) (layer F.Fab)
      (effects (font (size 1 1) (thickness 0.15)))
    )
    (fp_line (start 7.79 -3.4) (end -2.71 -3.4) (layer F.CrtYd) (width 0.05))
    (fp_line (start 7.79 1.51) (end 7.79 -3.4) (layer F.CrtYd) (width 0.05))
    (fp_line (start -2.71 1.51) (end 7.79 1.51) (layer F.CrtYd) (width 0.05))
    (fp_line (start -2.71 -3.4) (end -2.71 1.51) (layer F.CrtYd) (width 0.05))
    (fp_line (start 4.391 -3.27) (end 4.391 -1.76) (layer F.SilkS) (width 0.12))
    (fp_line (start 0.69 -3.27) (end 0.69 -1.76) (layer F.SilkS) (width 0.12))
    (fp_line (start -2.58 -1.76) (end 7.66 -1.76) (layer F.SilkS) (width 0.12))
    (fp_line (start 7.66 -3.27) (end 7.66 1.371) (layer F.SilkS) (width 0.12))
    (fp_line (start -2.58 -3.27) (end -2.58 1.371) (layer F.SilkS) (width 0.12))
    (fp_line (start -2.58 1.371) (end 7.66 1.371) (layer F.SilkS) (width 0.12))
    (fp_line (start -2.58 -3.27) (end 7.66 -3.27) (layer F.SilkS) (width 0.12))
    (fp_line (start 4.39 -3.15) (end 4.39 -1.88) (layer F.Fab) (width 0.1))
    (fp_line (start 0.69 -3.15) (end 0.69 -1.88) (layer F.Fab) (width 0.1))
    (fp_line (start -2.46 -1.88) (end 7.54 -1.88) (layer F.Fab) (width 0.1))
    (fp_line (start 7.54 -3.15) (end -2.46 -3.15) (layer F.Fab) (width 0.1))
    (fp_line (start 7.54 1.25) (end 7.54 -3.15) (layer F.Fab) (width 0.1))
    (fp_line (start -2.46 1.25) (end 7.54 1.25) (layer F.Fab) (width 0.1))
    (fp_line (start -2.46 -3.15) (end -2.46 1.25) (layer F.Fab) (width 0.1))
    (fp_text user %R (at -3.175 2.413) (layer F.Fab)
      (effects (font (size 1 1) (thickness 0.15)))
    )
    (pad 3 thru_hole oval (at 5.08 0 180) (size 1.905 2) (drill 1.1) (layers *.Cu *.Mask)
      (net 1 GND))
    (pad 2 thru_hole oval (at 2.54 0 180) (size 1.905 2) (drill 1.1) (layers *.Cu *.Mask)
      (net 3 Vcc))
    (pad 1 thru_hole rect (at 0 0 180) (size 1.905 2) (drill 1.1) (layers *.Cu *.Mask)
      (net 5 "Net-(Q2-Pad1)"))
    (model ${KISYS3DMOD}/Package_TO_SOT_THT.3dshapes/TO-220-3_Vertical.wrl
      (at (xyz 0 0 0))
      (scale (xyz 1 1 1))
      (rotate (xyz 0 0 0))
    )
  )

  (module Package_TO_SOT_THT:TO-220-3_Vertical (layer F.Cu) (tedit 5AC8BA0D) (tstamp 5F28A1B3)
    (at 183.515 32.385 180)
    (descr "TO-220-3, Vertical, RM 2.54mm, see https://www.vishay.com/docs/66542/to-220-1.pdf")
    (tags "TO-220-3 Vertical RM 2.54mm")
    (path /5F275049)
    (fp_text reference Q1 (at -4.191 -1.016) (layer F.SilkS)
      (effects (font (size 1 1) (thickness 0.15)))
    )
    (fp_text value TIP41C (at 5.08 2.5) (layer F.Fab)
      (effects (font (size 1 1) (thickness 0.15)))
    )
    (fp_line (start -2.46 -3.15) (end -2.46 1.25) (layer F.Fab) (width 0.1))
    (fp_line (start -2.46 1.25) (end 7.54 1.25) (layer F.Fab) (width 0.1))
    (fp_line (start 7.54 1.25) (end 7.54 -3.15) (layer F.Fab) (width 0.1))
    (fp_line (start 7.54 -3.15) (end -2.46 -3.15) (layer F.Fab) (width 0.1))
    (fp_line (start -2.46 -1.88) (end 7.54 -1.88) (layer F.Fab) (width 0.1))
    (fp_line (start 0.69 -3.15) (end 0.69 -1.88) (layer F.Fab) (width 0.1))
    (fp_line (start 4.39 -3.15) (end 4.39 -1.88) (layer F.Fab) (width 0.1))
    (fp_line (start -2.58 -3.27) (end 7.66 -3.27) (layer F.SilkS) (width 0.12))
    (fp_line (start -2.58 1.371) (end 7.66 1.371) (layer F.SilkS) (width 0.12))
    (fp_line (start -2.58 -3.27) (end -2.58 1.371) (layer F.SilkS) (width 0.12))
    (fp_line (start 7.66 -3.27) (end 7.66 1.371) (layer F.SilkS) (width 0.12))
    (fp_line (start -2.58 -1.76) (end 7.66 -1.76) (layer F.SilkS) (width 0.12))
    (fp_line (start 0.69 -3.27) (end 0.69 -1.76) (layer F.SilkS) (width 0.12))
    (fp_line (start 4.391 -3.27) (end 4.391 -1.76) (layer F.SilkS) (width 0.12))
    (fp_line (start -2.71 -3.4) (end -2.71 1.51) (layer F.CrtYd) (width 0.05))
    (fp_line (start -2.71 1.51) (end 7.79 1.51) (layer F.CrtYd) (width 0.05))
    (fp_line (start 7.79 1.51) (end 7.79 -3.4) (layer F.CrtYd) (width 0.05))
    (fp_line (start 7.79 -3.4) (end -2.71 -3.4) (layer F.CrtYd) (width 0.05))
    (fp_text user %R (at 2.54 -4.27) (layer F.Fab)
      (effects (font (size 1 1) (thickness 0.15)))
    )
    (pad 1 thru_hole rect (at 0 0 180) (size 1.905 2) (drill 1.1) (layers *.Cu *.Mask)
      (net 4 "Net-(Q1-Pad1)"))
    (pad 2 thru_hole oval (at 2.54 0 180) (size 1.905 2) (drill 1.1) (layers *.Cu *.Mask)
      (net 3 Vcc))
    (pad 3 thru_hole oval (at 5.08 0 180) (size 1.905 2) (drill 1.1) (layers *.Cu *.Mask)
      (net 1 GND))
    (model ${KISYS3DMOD}/Package_TO_SOT_THT.3dshapes/TO-220-3_Vertical.wrl
      (at (xyz 0 0 0))
      (scale (xyz 1 1 1))
      (rotate (xyz 0 0 0))
    )
  )

  (module Resistor_SMD:R_0603_1608Metric (layer F.Cu) (tedit 5B301BBD) (tstamp 5F28A1C4)
    (at 189.23 15.875)
    (descr "Resistor SMD 0603 (1608 Metric), square (rectangular) end terminal, IPC_7351 nominal, (Body size source: http://www.tortai-tech.com/upload/download/2011102023233369053.pdf), generated with kicad-footprint-generator")
    (tags resistor)
    (path /5F288C2C)
    (attr smd)
    (fp_text reference R4 (at 2.794 0.127) (layer F.SilkS)
      (effects (font (size 1 1) (thickness 0.15)))
    )
    (fp_text value R (at 0 1.43) (layer F.Fab)
      (effects (font (size 1 1) (thickness 0.15)))
    )
    (fp_line (start 1.48 0.73) (end -1.48 0.73) (layer F.CrtYd) (width 0.05))
    (fp_line (start 1.48 -0.73) (end 1.48 0.73) (layer F.CrtYd) (width 0.05))
    (fp_line (start -1.48 -0.73) (end 1.48 -0.73) (layer F.CrtYd) (width 0.05))
    (fp_line (start -1.48 0.73) (end -1.48 -0.73) (layer F.CrtYd) (width 0.05))
    (fp_line (start -0.162779 0.51) (end 0.162779 0.51) (layer F.SilkS) (width 0.12))
    (fp_line (start -0.162779 -0.51) (end 0.162779 -0.51) (layer F.SilkS) (width 0.12))
    (fp_line (start 0.8 0.4) (end -0.8 0.4) (layer F.Fab) (width 0.1))
    (fp_line (start 0.8 -0.4) (end 0.8 0.4) (layer F.Fab) (width 0.1))
    (fp_line (start -0.8 -0.4) (end 0.8 -0.4) (layer F.Fab) (width 0.1))
    (fp_line (start -0.8 0.4) (end -0.8 -0.4) (layer F.Fab) (width 0.1))
    (fp_text user %R (at 0 0) (layer F.Fab)
      (effects (font (size 0.4 0.4) (thickness 0.06)))
    )
    (pad 2 smd roundrect (at 0.7875 0) (size 0.875 0.95) (layers F.Cu F.Paste F.Mask) (roundrect_rratio 0.25)
      (net 33 "Net-(R4-Pad2)"))
    (pad 1 smd roundrect (at -0.7875 0) (size 0.875 0.95) (layers F.Cu F.Paste F.Mask) (roundrect_rratio 0.25)
      (net 2 "Net-(D1-Pad2)"))
    (model ${KISYS3DMOD}/Resistor_SMD.3dshapes/R_0603_1608Metric.wrl
      (at (xyz 0 0 0))
      (scale (xyz 1 1 1))
      (rotate (xyz 0 0 0))
    )
  )

  (module Resistor_SMD:R_0603_1608Metric (layer F.Cu) (tedit 5B301BBD) (tstamp 5F28A1D5)
    (at 206.375 18.415 180)
    (descr "Resistor SMD 0603 (1608 Metric), square (rectangular) end terminal, IPC_7351 nominal, (Body size source: http://www.tortai-tech.com/upload/download/2011102023233369053.pdf), generated with kicad-footprint-generator")
    (tags resistor)
    (path /5F287B3F)
    (attr smd)
    (fp_text reference R5 (at 2.6415 0) (layer F.SilkS)
      (effects (font (size 1 1) (thickness 0.15)))
    )
    (fp_text value R (at 0 1.43) (layer F.Fab)
      (effects (font (size 1 1) (thickness 0.15)))
    )
    (fp_line (start -0.8 0.4) (end -0.8 -0.4) (layer F.Fab) (width 0.1))
    (fp_line (start -0.8 -0.4) (end 0.8 -0.4) (layer F.Fab) (width 0.1))
    (fp_line (start 0.8 -0.4) (end 0.8 0.4) (layer F.Fab) (width 0.1))
    (fp_line (start 0.8 0.4) (end -0.8 0.4) (layer F.Fab) (width 0.1))
    (fp_line (start -0.162779 -0.51) (end 0.162779 -0.51) (layer F.SilkS) (width 0.12))
    (fp_line (start -0.162779 0.51) (end 0.162779 0.51) (layer F.SilkS) (width 0.12))
    (fp_line (start -1.48 0.73) (end -1.48 -0.73) (layer F.CrtYd) (width 0.05))
    (fp_line (start -1.48 -0.73) (end 1.48 -0.73) (layer F.CrtYd) (width 0.05))
    (fp_line (start 1.48 -0.73) (end 1.48 0.73) (layer F.CrtYd) (width 0.05))
    (fp_line (start 1.48 0.73) (end -1.48 0.73) (layer F.CrtYd) (width 0.05))
    (fp_text user %R (at 0 0) (layer F.Fab)
      (effects (font (size 0.4 0.4) (thickness 0.06)))
    )
    (pad 1 smd roundrect (at -0.7875 0 180) (size 0.875 0.95) (layers F.Cu F.Paste F.Mask) (roundrect_rratio 0.25)
      (net 40 "Net-(R2-Pad2)"))
    (pad 2 smd roundrect (at 0.7875 0 180) (size 0.875 0.95) (layers F.Cu F.Paste F.Mask) (roundrect_rratio 0.25)
      (net 5 "Net-(Q2-Pad1)"))
    (model ${KISYS3DMOD}/Resistor_SMD.3dshapes/R_0603_1608Metric.wrl
      (at (xyz 0 0 0))
      (scale (xyz 1 1 1))
      (rotate (xyz 0 0 0))
    )
  )

  (module Resistor_SMD:R_0603_1608Metric (layer F.Cu) (tedit 5B301BBD) (tstamp 5F28A1E6)
    (at 199.2375 20.32)
    (descr "Resistor SMD 0603 (1608 Metric), square (rectangular) end terminal, IPC_7351 nominal, (Body size source: http://www.tortai-tech.com/upload/download/2011102023233369053.pdf), generated with kicad-footprint-generator")
    (tags resistor)
    (path /5F288F1F)
    (attr smd)
    (fp_text reference R6 (at 2.667 0) (layer F.SilkS)
      (effects (font (size 1 1) (thickness 0.15)))
    )
    (fp_text value R (at 0.635 1.905) (layer F.Fab)
      (effects (font (size 1 1) (thickness 0.15)))
    )
    (fp_line (start -0.8 0.4) (end -0.8 -0.4) (layer F.Fab) (width 0.1))
    (fp_line (start -0.8 -0.4) (end 0.8 -0.4) (layer F.Fab) (width 0.1))
    (fp_line (start 0.8 -0.4) (end 0.8 0.4) (layer F.Fab) (width 0.1))
    (fp_line (start 0.8 0.4) (end -0.8 0.4) (layer F.Fab) (width 0.1))
    (fp_line (start -0.162779 -0.51) (end 0.162779 -0.51) (layer F.SilkS) (width 0.12))
    (fp_line (start -0.162779 0.51) (end 0.162779 0.51) (layer F.SilkS) (width 0.12))
    (fp_line (start -1.48 0.73) (end -1.48 -0.73) (layer F.CrtYd) (width 0.05))
    (fp_line (start -1.48 -0.73) (end 1.48 -0.73) (layer F.CrtYd) (width 0.05))
    (fp_line (start 1.48 -0.73) (end 1.48 0.73) (layer F.CrtYd) (width 0.05))
    (fp_line (start 1.48 0.73) (end -1.48 0.73) (layer F.CrtYd) (width 0.05))
    (fp_text user %R (at 0 0) (layer F.Fab)
      (effects (font (size 0.4 0.4) (thickness 0.06)))
    )
    (pad 1 smd roundrect (at -0.7875 0) (size 0.875 0.95) (layers F.Cu F.Paste F.Mask) (roundrect_rratio 0.25)
      (net 4 "Net-(Q1-Pad1)"))
    (pad 2 smd roundrect (at 0.7875 0) (size 0.875 0.95) (layers F.Cu F.Paste F.Mask) (roundrect_rratio 0.25)
      (net 39 "Net-(R1-Pad2)"))
    (model ${KISYS3DMOD}/Resistor_SMD.3dshapes/R_0603_1608Metric.wrl
      (at (xyz 0 0 0))
      (scale (xyz 1 1 1))
      (rotate (xyz 0 0 0))
    )
  )

  (module Capacitor_SMD:C_0603_1608Metric (layer F.Cu) (tedit 5B301BBE) (tstamp 5F2BC5E9)
    (at 203.835 38.989 270)
    (descr "Capacitor SMD 0603 (1608 Metric), square (rectangular) end terminal, IPC_7351 nominal, (Body size source: http://www.tortai-tech.com/upload/download/2011102023233369053.pdf), generated with kicad-footprint-generator")
    (tags capacitor)
    (path /5F3BC5FB)
    (attr smd)
    (fp_text reference C2 (at 0.762 -2.032) (layer F.SilkS)
      (effects (font (size 1 1) (thickness 0.15)))
    )
    (fp_text value C (at 0 1.43 90) (layer F.Fab)
      (effects (font (size 1 1) (thickness 0.15)))
    )
    (fp_line (start -0.8 0.4) (end -0.8 -0.4) (layer F.Fab) (width 0.1))
    (fp_line (start -0.8 -0.4) (end 0.8 -0.4) (layer F.Fab) (width 0.1))
    (fp_line (start 0.8 -0.4) (end 0.8 0.4) (layer F.Fab) (width 0.1))
    (fp_line (start 0.8 0.4) (end -0.8 0.4) (layer F.Fab) (width 0.1))
    (fp_line (start -0.162779 -0.51) (end 0.162779 -0.51) (layer F.SilkS) (width 0.12))
    (fp_line (start -0.162779 0.51) (end 0.162779 0.51) (layer F.SilkS) (width 0.12))
    (fp_line (start -1.48 0.73) (end -1.48 -0.73) (layer F.CrtYd) (width 0.05))
    (fp_line (start -1.48 -0.73) (end 1.48 -0.73) (layer F.CrtYd) (width 0.05))
    (fp_line (start 1.48 -0.73) (end 1.48 0.73) (layer F.CrtYd) (width 0.05))
    (fp_line (start 1.48 0.73) (end -1.48 0.73) (layer F.CrtYd) (width 0.05))
    (fp_text user %R (at 0 0 90) (layer F.Fab)
      (effects (font (size 0.4 0.4) (thickness 0.06)))
    )
    (pad 1 smd roundrect (at -0.7875 0 270) (size 0.875 0.95) (layers F.Cu F.Paste F.Mask) (roundrect_rratio 0.25)
      (net 35 "Net-(C1-Pad1)"))
    (pad 2 smd roundrect (at 0.7875 0 270) (size 0.875 0.95) (layers F.Cu F.Paste F.Mask) (roundrect_rratio 0.25)
      (net 1 GND))
    (model ${KISYS3DMOD}/Capacitor_SMD.3dshapes/C_0603_1608Metric.wrl
      (at (xyz 0 0 0))
      (scale (xyz 1 1 1))
      (rotate (xyz 0 0 0))
    )
  )

  (module Capacitor_SMD:C_0603_1608Metric (layer F.Cu) (tedit 5B301BBE) (tstamp 5F2BC5FA)
    (at 185.674 38.1 270)
    (descr "Capacitor SMD 0603 (1608 Metric), square (rectangular) end terminal, IPC_7351 nominal, (Body size source: http://www.tortai-tech.com/upload/download/2011102023233369053.pdf), generated with kicad-footprint-generator")
    (tags capacitor)
    (path /5F3BDC76)
    (attr smd)
    (fp_text reference C1 (at 0.762 -2.159) (layer F.SilkS)
      (effects (font (size 1 1) (thickness 0.15)))
    )
    (fp_text value C (at 0 1.43 90) (layer F.Fab)
      (effects (font (size 1 1) (thickness 0.15)))
    )
    (fp_line (start 1.48 0.73) (end -1.48 0.73) (layer F.CrtYd) (width 0.05))
    (fp_line (start 1.48 -0.73) (end 1.48 0.73) (layer F.CrtYd) (width 0.05))
    (fp_line (start -1.48 -0.73) (end 1.48 -0.73) (layer F.CrtYd) (width 0.05))
    (fp_line (start -1.48 0.73) (end -1.48 -0.73) (layer F.CrtYd) (width 0.05))
    (fp_line (start -0.162779 0.51) (end 0.162779 0.51) (layer F.SilkS) (width 0.12))
    (fp_line (start -0.162779 -0.51) (end 0.162779 -0.51) (layer F.SilkS) (width 0.12))
    (fp_line (start 0.8 0.4) (end -0.8 0.4) (layer F.Fab) (width 0.1))
    (fp_line (start 0.8 -0.4) (end 0.8 0.4) (layer F.Fab) (width 0.1))
    (fp_line (start -0.8 -0.4) (end 0.8 -0.4) (layer F.Fab) (width 0.1))
    (fp_line (start -0.8 0.4) (end -0.8 -0.4) (layer F.Fab) (width 0.1))
    (fp_text user %R (at 0 0 90) (layer F.Fab)
      (effects (font (size 0.4 0.4) (thickness 0.06)))
    )
    (pad 2 smd roundrect (at 0.7875 0 270) (size 0.875 0.95) (layers F.Cu F.Paste F.Mask) (roundrect_rratio 0.25)
      (net 1 GND))
    (pad 1 smd roundrect (at -0.7875 0 270) (size 0.875 0.95) (layers F.Cu F.Paste F.Mask) (roundrect_rratio 0.25)
      (net 35 "Net-(C1-Pad1)"))
    (model ${KISYS3DMOD}/Capacitor_SMD.3dshapes/C_0603_1608Metric.wrl
      (at (xyz 0 0 0))
      (scale (xyz 1 1 1))
      (rotate (xyz 0 0 0))
    )
  )

  (module Capacitor_SMD:C_0603_1608Metric (layer F.Cu) (tedit 5B301BBE) (tstamp 5F2BC60B)
    (at 213.995 52.705 90)
    (descr "Capacitor SMD 0603 (1608 Metric), square (rectangular) end terminal, IPC_7351 nominal, (Body size source: http://www.tortai-tech.com/upload/download/2011102023233369053.pdf), generated with kicad-footprint-generator")
    (tags capacitor)
    (path /5F3CDB12)
    (attr smd)
    (fp_text reference C8 (at -2.413 0) (layer F.SilkS)
      (effects (font (size 1 1) (thickness 0.15)))
    )
    (fp_text value C (at 0 1.43 90) (layer F.Fab)
      (effects (font (size 1 1) (thickness 0.15)))
    )
    (fp_line (start 1.48 0.73) (end -1.48 0.73) (layer F.CrtYd) (width 0.05))
    (fp_line (start 1.48 -0.73) (end 1.48 0.73) (layer F.CrtYd) (width 0.05))
    (fp_line (start -1.48 -0.73) (end 1.48 -0.73) (layer F.CrtYd) (width 0.05))
    (fp_line (start -1.48 0.73) (end -1.48 -0.73) (layer F.CrtYd) (width 0.05))
    (fp_line (start -0.162779 0.51) (end 0.162779 0.51) (layer F.SilkS) (width 0.12))
    (fp_line (start -0.162779 -0.51) (end 0.162779 -0.51) (layer F.SilkS) (width 0.12))
    (fp_line (start 0.8 0.4) (end -0.8 0.4) (layer F.Fab) (width 0.1))
    (fp_line (start 0.8 -0.4) (end 0.8 0.4) (layer F.Fab) (width 0.1))
    (fp_line (start -0.8 -0.4) (end 0.8 -0.4) (layer F.Fab) (width 0.1))
    (fp_line (start -0.8 0.4) (end -0.8 -0.4) (layer F.Fab) (width 0.1))
    (fp_text user %R (at 0 0 90) (layer F.Fab)
      (effects (font (size 0.4 0.4) (thickness 0.06)))
    )
    (pad 2 smd roundrect (at 0.7875 0 90) (size 0.875 0.95) (layers F.Cu F.Paste F.Mask) (roundrect_rratio 0.25)
      (net 1 GND))
    (pad 1 smd roundrect (at -0.7875 0 90) (size 0.875 0.95) (layers F.Cu F.Paste F.Mask) (roundrect_rratio 0.25)
      (net 44 "Net-(C8-Pad1)"))
    (model ${KISYS3DMOD}/Capacitor_SMD.3dshapes/C_0603_1608Metric.wrl
      (at (xyz 0 0 0))
      (scale (xyz 1 1 1))
      (rotate (xyz 0 0 0))
    )
  )

  (module Capacitor_SMD:C_0603_1608Metric (layer F.Cu) (tedit 5B301BBE) (tstamp 5F2BC61C)
    (at 207.645 52.705 270)
    (descr "Capacitor SMD 0603 (1608 Metric), square (rectangular) end terminal, IPC_7351 nominal, (Body size source: http://www.tortai-tech.com/upload/download/2011102023233369053.pdf), generated with kicad-footprint-generator")
    (tags capacitor)
    (path /5F3CD5D1)
    (attr smd)
    (fp_text reference C7 (at 2.413 0 180) (layer F.SilkS)
      (effects (font (size 1 1) (thickness 0.15)))
    )
    (fp_text value C (at 0 1.43 90) (layer F.Fab)
      (effects (font (size 1 1) (thickness 0.15)))
    )
    (fp_line (start -0.8 0.4) (end -0.8 -0.4) (layer F.Fab) (width 0.1))
    (fp_line (start -0.8 -0.4) (end 0.8 -0.4) (layer F.Fab) (width 0.1))
    (fp_line (start 0.8 -0.4) (end 0.8 0.4) (layer F.Fab) (width 0.1))
    (fp_line (start 0.8 0.4) (end -0.8 0.4) (layer F.Fab) (width 0.1))
    (fp_line (start -0.162779 -0.51) (end 0.162779 -0.51) (layer F.SilkS) (width 0.12))
    (fp_line (start -0.162779 0.51) (end 0.162779 0.51) (layer F.SilkS) (width 0.12))
    (fp_line (start -1.48 0.73) (end -1.48 -0.73) (layer F.CrtYd) (width 0.05))
    (fp_line (start -1.48 -0.73) (end 1.48 -0.73) (layer F.CrtYd) (width 0.05))
    (fp_line (start 1.48 -0.73) (end 1.48 0.73) (layer F.CrtYd) (width 0.05))
    (fp_line (start 1.48 0.73) (end -1.48 0.73) (layer F.CrtYd) (width 0.05))
    (fp_text user %R (at 0 0 90) (layer F.Fab)
      (effects (font (size 0.4 0.4) (thickness 0.06)))
    )
    (pad 1 smd roundrect (at -0.7875 0 270) (size 0.875 0.95) (layers F.Cu F.Paste F.Mask) (roundrect_rratio 0.25)
      (net 1 GND))
    (pad 2 smd roundrect (at 0.7875 0 270) (size 0.875 0.95) (layers F.Cu F.Paste F.Mask) (roundrect_rratio 0.25)
      (net 43 "Net-(C7-Pad2)"))
    (model ${KISYS3DMOD}/Capacitor_SMD.3dshapes/C_0603_1608Metric.wrl
      (at (xyz 0 0 0))
      (scale (xyz 1 1 1))
      (rotate (xyz 0 0 0))
    )
  )

  (module Resistor_SMD:R_0603_1608Metric (layer F.Cu) (tedit 5B301BBD) (tstamp 5F2BC62D)
    (at 216.535 52.705 270)
    (descr "Resistor SMD 0603 (1608 Metric), square (rectangular) end terminal, IPC_7351 nominal, (Body size source: http://www.tortai-tech.com/upload/download/2011102023233369053.pdf), generated with kicad-footprint-generator")
    (tags resistor)
    (path /5F3B97FC)
    (attr smd)
    (fp_text reference R8 (at 2.413 0) (layer F.SilkS)
      (effects (font (size 1 1) (thickness 0.15)))
    )
    (fp_text value R (at 0 1.43 90) (layer F.Fab)
      (effects (font (size 1 1) (thickness 0.15)))
    )
    (fp_line (start -0.8 0.4) (end -0.8 -0.4) (layer F.Fab) (width 0.1))
    (fp_line (start -0.8 -0.4) (end 0.8 -0.4) (layer F.Fab) (width 0.1))
    (fp_line (start 0.8 -0.4) (end 0.8 0.4) (layer F.Fab) (width 0.1))
    (fp_line (start 0.8 0.4) (end -0.8 0.4) (layer F.Fab) (width 0.1))
    (fp_line (start -0.162779 -0.51) (end 0.162779 -0.51) (layer F.SilkS) (width 0.12))
    (fp_line (start -0.162779 0.51) (end 0.162779 0.51) (layer F.SilkS) (width 0.12))
    (fp_line (start -1.48 0.73) (end -1.48 -0.73) (layer F.CrtYd) (width 0.05))
    (fp_line (start -1.48 -0.73) (end 1.48 -0.73) (layer F.CrtYd) (width 0.05))
    (fp_line (start 1.48 -0.73) (end 1.48 0.73) (layer F.CrtYd) (width 0.05))
    (fp_line (start 1.48 0.73) (end -1.48 0.73) (layer F.CrtYd) (width 0.05))
    (fp_text user %R (at 0 0 90) (layer F.Fab)
      (effects (font (size 0.4 0.4) (thickness 0.06)))
    )
    (pad 1 smd roundrect (at -0.7875 0 270) (size 0.875 0.95) (layers F.Cu F.Paste F.Mask) (roundrect_rratio 0.25)
      (net 46 "Net-(R8-Pad1)"))
    (pad 2 smd roundrect (at 0.7875 0 270) (size 0.875 0.95) (layers F.Cu F.Paste F.Mask) (roundrect_rratio 0.25)
      (net 44 "Net-(C8-Pad1)"))
    (model ${KISYS3DMOD}/Resistor_SMD.3dshapes/R_0603_1608Metric.wrl
      (at (xyz 0 0 0))
      (scale (xyz 1 1 1))
      (rotate (xyz 0 0 0))
    )
  )

  (module Resistor_SMD:R_0603_1608Metric (layer F.Cu) (tedit 5B301BBD) (tstamp 5F2BC63E)
    (at 210.185 52.705 90)
    (descr "Resistor SMD 0603 (1608 Metric), square (rectangular) end terminal, IPC_7351 nominal, (Body size source: http://www.tortai-tech.com/upload/download/2011102023233369053.pdf), generated with kicad-footprint-generator")
    (tags resistor)
    (path /5F3B9E15)
    (attr smd)
    (fp_text reference R7 (at -2.413 0.127 180) (layer F.SilkS)
      (effects (font (size 1 1) (thickness 0.15)))
    )
    (fp_text value R (at 0 1.43 90) (layer F.Fab)
      (effects (font (size 1 1) (thickness 0.15)))
    )
    (fp_line (start 1.48 0.73) (end -1.48 0.73) (layer F.CrtYd) (width 0.05))
    (fp_line (start 1.48 -0.73) (end 1.48 0.73) (layer F.CrtYd) (width 0.05))
    (fp_line (start -1.48 -0.73) (end 1.48 -0.73) (layer F.CrtYd) (width 0.05))
    (fp_line (start -1.48 0.73) (end -1.48 -0.73) (layer F.CrtYd) (width 0.05))
    (fp_line (start -0.162779 0.51) (end 0.162779 0.51) (layer F.SilkS) (width 0.12))
    (fp_line (start -0.162779 -0.51) (end 0.162779 -0.51) (layer F.SilkS) (width 0.12))
    (fp_line (start 0.8 0.4) (end -0.8 0.4) (layer F.Fab) (width 0.1))
    (fp_line (start 0.8 -0.4) (end 0.8 0.4) (layer F.Fab) (width 0.1))
    (fp_line (start -0.8 -0.4) (end 0.8 -0.4) (layer F.Fab) (width 0.1))
    (fp_line (start -0.8 0.4) (end -0.8 -0.4) (layer F.Fab) (width 0.1))
    (fp_text user %R (at 0 0 90) (layer F.Fab)
      (effects (font (size 0.4 0.4) (thickness 0.06)))
    )
    (pad 2 smd roundrect (at 0.7875 0 90) (size 0.875 0.95) (layers F.Cu F.Paste F.Mask) (roundrect_rratio 0.25)
      (net 45 "Net-(R7-Pad2)"))
    (pad 1 smd roundrect (at -0.7875 0 90) (size 0.875 0.95) (layers F.Cu F.Paste F.Mask) (roundrect_rratio 0.25)
      (net 43 "Net-(C7-Pad2)"))
    (model ${KISYS3DMOD}/Resistor_SMD.3dshapes/R_0603_1608Metric.wrl
      (at (xyz 0 0 0))
      (scale (xyz 1 1 1))
      (rotate (xyz 0 0 0))
    )
  )

  (module Diode_SMD:D_1206_3216Metric_Pad1.42x1.75mm_HandSolder (layer F.Cu) (tedit 5B4B45C8) (tstamp 5F2C7C66)
    (at 172.974 33.528 90)
    (descr "Diode SMD 1206 (3216 Metric), square (rectangular) end terminal, IPC_7351 nominal, (Body size source: http://www.tortai-tech.com/upload/download/2011102023233369053.pdf), generated with kicad-footprint-generator")
    (tags "diode handsolder")
    (path /5F2D3A3C)
    (attr smd)
    (fp_text reference D2 (at -4.0275 0 180) (layer F.SilkS)
      (effects (font (size 1 1) (thickness 0.15)))
    )
    (fp_text value LED (at 0 1.82 90) (layer F.Fab)
      (effects (font (size 1 1) (thickness 0.15)))
    )
    (fp_line (start 2.45 1.12) (end -2.45 1.12) (layer F.CrtYd) (width 0.05))
    (fp_line (start 2.45 -1.12) (end 2.45 1.12) (layer F.CrtYd) (width 0.05))
    (fp_line (start -2.45 -1.12) (end 2.45 -1.12) (layer F.CrtYd) (width 0.05))
    (fp_line (start -2.45 1.12) (end -2.45 -1.12) (layer F.CrtYd) (width 0.05))
    (fp_line (start -2.46 1.135) (end 1.6 1.135) (layer F.SilkS) (width 0.12))
    (fp_line (start -2.46 -1.135) (end -2.46 1.135) (layer F.SilkS) (width 0.12))
    (fp_line (start 1.6 -1.135) (end -2.46 -1.135) (layer F.SilkS) (width 0.12))
    (fp_line (start 1.6 0.8) (end 1.6 -0.8) (layer F.Fab) (width 0.1))
    (fp_line (start -1.6 0.8) (end 1.6 0.8) (layer F.Fab) (width 0.1))
    (fp_line (start -1.6 -0.4) (end -1.6 0.8) (layer F.Fab) (width 0.1))
